max = 366
xi = 1 1 0 0 0 1 1 1 1 1
runtime = 0.000112 sec
memory = 3.29297 MB
