Max = 366
xi = 1 1 0 0 0 1 1 1 1 1 
runtime = 0.000382 sec
memory = 3.30859 MB
