Max = 483
xi = 0 1 1 0 0 0 1 1 0 0 0 0 0 1 1 0 1 0 1 0 
runtime = 0.000478 sec
memory = 3.30859 MB
