Max = 54
xi = 1 0 1 0 1 
runtime = 0.000292 sec
memory = 3.30859 MB
